91.48528572593138
94.89736918184447
90.99035980367384
90.08712389828791
91.90583959126292
93.8625307979026
91.77514393287072
87.32807625165283
95.71662084850287
86.57915920126717
88.06327718889976
90.82413837015065
92.14654610191599
91.9693593795879
92.97448950078095
96.33182550824105
91.9053986867596
91.48708038779222
89.18734596629261
88.89872107389724
87.02109769994138
89.31949333141777
86.66313707470081
95.95959595959597
90.1117076080473
93.08533980866564
91.29600433169303
97.04454773559294
96.62254647902299
95.74012729370604
87.18151487514575
90.72857966898879
90.41077469673164
96.62254647902299
96.39856805027503
91.07428996075335
91.17259706968323
97.22048632809788
92.56617640269968
96.84447326820964
95.95099300981654
96.68535950330462
87.20331735029934
91.20369277264894
90.45827633378934
90.9617966556817
92.59748200439122
95.82849145955942
97.14510648877103
86.2645608728023
